files 456638, layers 42
layer steps  observed  uniform  ideal-static  reuse(t-1)  LRU8
    3  5600     0.368    0.361         0.330       0.058  0.131
    4  5600     0.356    0.361         0.336       0.065  0.127
    5  5600     0.359    0.361         0.326       0.076  0.149
    6  5600     0.358    0.361         0.355       0.082  0.176
    7  5600     0.368    0.361         0.378       0.158  0.361
    8  5600     0.333    0.361         0.338       0.161  0.308
    9  5600     0.342    0.361         0.293       0.158  0.275
   10  5600     0.364    0.361         0.288       0.134  0.252
   11  5600     0.350    0.361         0.254       0.178  0.282
   12  5600     0.345    0.361         0.273       0.294  0.513
   13  5600     0.342    0.361         0.278       0.273  0.449
   14  5600     0.351    0.361         0.370       0.279  0.477
   15  5600     0.343    0.361         0.293       0.263  0.477
   16  5600     0.362    0.361         0.380       0.282  0.478
   17  5600     0.320    0.361         0.319       0.323  0.525
   18  5600     0.334    0.361         0.332       0.437  0.689
   19  5600     0.349    0.361         0.302       0.402  0.640
   20  5600     0.386    0.361         0.301       0.356  0.597
   21  5600     0.333    0.361         0.210       0.306  0.512
   22  5600     0.355    0.361         0.244       0.301  0.489
   23  5600     0.336    0.361         0.256       0.242  0.467
   24  5600     0.350    0.361         0.336       0.341  0.555
   25  5600     0.327    0.361         0.254       0.453  0.671
   26  5600     0.382    0.361         0.370       0.390  0.568
   27  5600     0.348    0.361         0.268       0.418  0.646
   28  5600     0.357    0.361         0.279       0.375  0.587
   29  5600     0.339    0.361         0.263       0.351  0.513
   30  5600     0.379    0.361         0.282       0.342  0.546
   31  5600     0.349    0.361         0.336       0.375  0.626
   32  5600     0.352    0.361         0.300       0.323  0.488
   33  5600     0.388    0.361         0.299       0.363  0.603
   34  5600     0.305    0.361         0.294       0.402  0.613
   35  5600     0.326    0.361         0.348       0.389  0.652
   36  5600     0.347    0.361         0.253       0.367  0.536
   37  5600     0.319    0.361         0.248       0.362  0.541
   38  5600     0.353    0.361         0.266       0.374  0.579
   39  5600     0.349    0.361         0.256       0.364  0.534
   40  5600     0.284    0.361         0.227       0.352  0.543
   41  5600     0.322    0.361         0.307       0.360  0.638
   42  5600     0.355    0.361         0.207       0.398  0.542
   43  5600     0.378    0.361         0.221       0.346  0.513
   44  5600     0.320    0.361         0.181       0.302  0.507
MEAN           0.347    0.361         0.292       0.299  0.485
