files 456638, layers 42
layer steps  observed  uniform  ideal-static  reuse(t-1)  LRU4  LRU8  LRU16  LRU32
    3  5600     0.368    0.361         0.261       0.058  0.056  0.119  0.240  0.440
    4  5600     0.356    0.361         0.261       0.065  0.064  0.123  0.242  0.441
    5  5600     0.359    0.361         0.254       0.076  0.069  0.139  0.256  0.436
    6  5600     0.358    0.361         0.241       0.082  0.077  0.156  0.286  0.484
    7  5600     0.368    0.361         0.169       0.158  0.136  0.244  0.405  0.620
    8  5600     0.333    0.361         0.195       0.161  0.136  0.238  0.384  0.595
    9  5600     0.342    0.361         0.190       0.158  0.137  0.240  0.394  0.598
   10  5600     0.364    0.361         0.205       0.134  0.131  0.218  0.354  0.554
   11  5600     0.350    0.361         0.179       0.178  0.171  0.282  0.428  0.641
   12  5600     0.345    0.361         0.139       0.294  0.267  0.385  0.517  0.698
   13  5600     0.342    0.361         0.141       0.273  0.247  0.371  0.519  0.709
   14  5600     0.351    0.361         0.136       0.279  0.244  0.358  0.501  0.701
   15  5600     0.343    0.361         0.124       0.263  0.215  0.335  0.485  0.679
   16  5600     0.362    0.361         0.144       0.282  0.254  0.373  0.516  0.705
   17  5600     0.320    0.361         0.114       0.323  0.324  0.445  0.584  0.739
   18  5600     0.334    0.361         0.074       0.437  0.369  0.492  0.624  0.761
   19  5600     0.349    0.361         0.084       0.402  0.340  0.462  0.602  0.772
   20  5600     0.386    0.361         0.099       0.356  0.311  0.441  0.594  0.761
   21  5600     0.333    0.361         0.100       0.306  0.355  0.483  0.624  0.781
   22  5600     0.355    0.361         0.111       0.301  0.322  0.464  0.609  0.781
   23  5600     0.336    0.361         0.117       0.242  0.256  0.386  0.540  0.727
   24  5600     0.350    0.361         0.113       0.341  0.326  0.452  0.590  0.767
   25  5600     0.327    0.361         0.090       0.453  0.436  0.550  0.669  0.802
   26  5600     0.382    0.361         0.115       0.390  0.353  0.465  0.605  0.765
   27  5600     0.348    0.361         0.085       0.418  0.363  0.482  0.620  0.779
   28  5600     0.357    0.361         0.103       0.375  0.348  0.479  0.614  0.776
   29  5600     0.339    0.361         0.116       0.351  0.307  0.430  0.567  0.741
   30  5600     0.379    0.361         0.120       0.342  0.321  0.440  0.573  0.733
   31  5600     0.349    0.361         0.102       0.375  0.316  0.438  0.578  0.760
   32  5600     0.352    0.361         0.125       0.323  0.303  0.420  0.557  0.722
   33  5600     0.388    0.361         0.097       0.363  0.325  0.436  0.577  0.742
   34  5600     0.305    0.361         0.103       0.402  0.353  0.472  0.600  0.757
   35  5600     0.326    0.361         0.097       0.389  0.339  0.461  0.594  0.760
   36  5600     0.347    0.361         0.105       0.367  0.310  0.431  0.551  0.709
   37  5600     0.319    0.361         0.100       0.362  0.312  0.427  0.561  0.725
   38  5600     0.353    0.361         0.097       0.374  0.324  0.427  0.553  0.725
   39  5600     0.349    0.361         0.100       0.364  0.297  0.409  0.538  0.714
   40  5600     0.284    0.361         0.100       0.352  0.306  0.416  0.548  0.718
   41  5600     0.322    0.361         0.096       0.360  0.293  0.408  0.539  0.714
   42  5600     0.355    0.361         0.092       0.398  0.307  0.422  0.560  0.740
   43  5600     0.378    0.361         0.102       0.346  0.273  0.389  0.526  0.700
   44  5600     0.320    0.361         0.099       0.302  0.231  0.341  0.489  0.686
MEAN           0.347    0.361         0.131       0.299  0.267  0.380  0.517  0.694
