decode steps 5474, generations 9, layers 42
interval floor hyst budget   cpu_share  swaps/1k-steps
     128   8.0  2.0     64       0.345      31.4   <- served defaults
      16   0.0  1.2     64       0.355    1017.2
      16   0.0  1.2    512       0.132    7290.8
      16   0.0  1.2   4096       0.099    8365.9
      16   0.0  1.5     64       0.353    1017.2
      16   0.0  1.5    512       0.121    6597.2
      16   0.0  1.5   4096       0.099    7268.9
      16   0.0  2.0     64       0.347    1017.2
      16   0.0  2.0    512       0.113    5647.6
      16   0.0  2.0   4096       0.101    5954.9
      16   1.0  1.2     64       0.339    1017.2
      16   1.0  1.2    512       0.112    3509.9
      16   1.0  1.2   4096       0.110    3539.3
      16   1.0  1.5     64       0.339    1017.2
      16   1.0  1.5    512       0.112    3509.9
      16   1.0  1.5   4096       0.110    3539.3
      16   1.0  2.0     64       0.339    1017.2
      16   1.0  2.0    512       0.112    3472.4
      16   1.0  2.0   4096       0.110    3494.0
      16   2.0  1.2     64       0.220     963.5
      16   2.0  1.2    512       0.143    1510.4
      16   2.0  1.2   4096       0.142    1525.0
      16   2.0  1.5     64       0.220     963.5
      16   2.0  1.5    512       0.143    1510.4
      16   2.0  1.5   4096       0.142    1525.0
      16   2.0  2.0     64       0.220     963.5
      16   2.0  2.0    512       0.143    1510.4
      16   2.0  2.0   4096       0.142    1525.0
      16   4.0  1.2     64       0.215     546.2
      16   4.0  1.2    512       0.209     596.6
      16   4.0  1.2   4096       0.209     596.6
      16   4.0  1.5     64       0.215     546.2
      16   4.0  1.5    512       0.209     596.6
      16   4.0  1.5   4096       0.209     596.6
      16   4.0  2.0     64       0.215     546.2
      16   4.0  2.0    512       0.209     596.6
      16   4.0  2.0   4096       0.209     596.6
      32   0.0  1.2     64       0.356     526.1
      32   0.0  1.2    512       0.175    4209.0
      32   0.0  1.2   4096       0.115    5897.3
      32   0.0  1.5     64       0.352     526.1
      32   0.0  1.5    512       0.152    4003.7
      32   0.0  1.5   4096       0.117    5055.5
      32   0.0  2.0     64       0.346     526.1
      32   0.0  2.0    512       0.142    3590.2
      32   0.0  2.0   4096       0.119    4233.6
      32   1.0  1.2     64       0.345     526.1
      32   1.0  1.2    512       0.139    2166.6
      32   1.0  1.2   4096       0.136    2243.5
      32   1.0  1.5     64       0.345     526.1
      32   1.0  1.5    512       0.139    2165.9
      32   1.0  1.5   4096       0.136    2242.8
      32   1.0  2.0     64       0.342     526.1
      32   1.0  2.0    512       0.140    2110.0
      32   1.0  2.0   4096       0.137    2181.2
      32   2.0  1.2     64       0.275     526.1
      32   2.0  1.2    512       0.179    1010.4
      32   2.0  1.2   4096       0.178    1026.5
      32   2.0  1.5     64       0.275     526.1
      32   2.0  1.5    512       0.179    1010.4
      32   2.0  1.5   4096       0.178    1026.5
      32   2.0  2.0     64       0.275     526.1
      32   2.0  2.0    512       0.179    1010.4
      32   2.0  2.0   4096       0.178    1026.5
      32   4.0  1.2     64       0.252     329.4
      32   4.0  1.2    512       0.246     365.0
      32   4.0  1.2   4096       0.246     365.0
      32   4.0  1.5     64       0.252     329.4
      32   4.0  1.5    512       0.246     365.0
      32   4.0  1.5   4096       0.246     365.0
      32   4.0  2.0     64       0.252     329.4
      32   4.0  2.0    512       0.246     365.0
      32   4.0  2.0   4096       0.246     365.0
      64   0.0  1.2     64       0.357     257.2
      64   0.0  1.2    512       0.231    2057.7
      64   0.0  1.2   4096       0.142    3338.9
      64   0.0  1.5     64       0.356     257.2
      64   0.0  1.5    512       0.205    2014.8
      64   0.0  1.5   4096       0.144    2909.9
      64   0.0  2.0     64       0.351     257.2
      64   0.0  2.0    512       0.190    1865.9
      64   0.0  2.0   4096       0.148    2489.0
      64   1.0  1.2     64       0.354     257.2
      64   1.0  1.2    512       0.187    1340.3
      64   1.0  1.2   4096       0.169    1523.9
      64   1.0  1.5     64       0.354     257.2
      64   1.0  1.5    512       0.187    1337.6
      64   1.0  1.5   4096       0.169    1520.6
      64   1.0  2.0     64       0.350     257.2
      64   1.0  2.0    512       0.186    1308.2
      64   1.0  2.0   4096       0.170    1483.2
      64   2.0  1.2     64       0.313     257.2
      64   2.0  1.2    512       0.221     635.5
      64   2.0  1.2   4096       0.219     644.1
      64   2.0  1.5     64       0.313     257.2
      64   2.0  1.5    512       0.221     635.5
      64   2.0  1.5   4096       0.219     644.1
      64   2.0  2.0     64       0.313     257.2
      64   2.0  2.0    512       0.221     635.5
      64   2.0  2.0   4096       0.219     644.1
      64   4.0  1.2     64       0.288     186.3
      64   4.0  1.2    512       0.279     213.9
      64   4.0  1.2   4096       0.279     213.9
      64   4.0  1.5     64       0.288     186.3
      64   4.0  1.5    512       0.279     213.9
      64   4.0  1.5   4096       0.279     213.9
      64   4.0  2.0     64       0.288     186.3
      64   4.0  2.0    512       0.279     213.9
      64   4.0  2.0   4096       0.279     213.9
     128   0.0  1.2     64       0.360     116.9
     128   0.0  1.2    512       0.290     935.3
     128   0.0  1.2   4096       0.193    1777.9
     128   0.0  1.5     64       0.359     116.9
     128   0.0  1.5    512       0.274     935.3
     128   0.0  1.5   4096       0.197    1546.8
     128   0.0  2.0     64       0.356     116.9
     128   0.0  2.0    512       0.257     933.9
     128   0.0  2.0   4096       0.202    1313.7
     128   1.0  1.2     64       0.359     116.9
     128   1.0  1.2    512       0.251     789.0
     128   1.0  1.2   4096       0.219     934.1
     128   1.0  1.5     64       0.358     116.9
     128   1.0  1.5    512       0.250     787.2
     128   1.0  1.5   4096       0.219     930.2
     128   1.0  2.0     64       0.356     116.9
     128   1.0  2.0    512       0.248     761.1
     128   1.0  2.0   4096       0.220     887.5
     128   2.0  1.2     64       0.340     116.9
     128   2.0  1.2    512       0.267     367.7
     128   2.0  1.2   4096       0.267     367.7
     128   2.0  1.5     64       0.340     116.9
     128   2.0  1.5    512       0.267     367.7
     128   2.0  1.5   4096       0.267     367.7
     128   2.0  2.0     64       0.340     116.9
     128   2.0  2.0    512       0.267     367.7
     128   2.0  2.0   4096       0.267     367.7
     128   4.0  1.2     64       0.318     104.3
     128   4.0  1.2    512       0.313     119.8
     128   4.0  1.2   4096       0.313     119.8
     128   4.0  1.5     64       0.318     104.3
     128   4.0  1.5    512       0.313     119.8
     128   4.0  1.5   4096       0.313     119.8
     128   4.0  2.0     64       0.318     104.3
     128   4.0  2.0    512       0.313     119.8
     128   4.0  2.0   4096       0.313     119.8
